,CUSTOMER,TS,NUM_DEPS,DAY_DIFFS
6,1001,2023-06-11,2078,-17.0
7,1001,2023-06-15,2073,-5.0
8,1004,2023-05-28,13,-2060.0
33,1065,2023-04-20,799,-3652.0
56,1165,2023-05-24,179,-5098.0
66,1405,2022-05-30,443,-2133.0
69,1445,2022-01-05,5674,-33.0
89,1445,2022-07-12,7195,-5.0
116,1445,2023-02-05,8752,-2.0
136,1445,2023-03-18,9005,-1.0
140,1445,2023-03-27,9045,-4.0
147,1445,2023-04-16,9189,-1.0
148,1445,2023-04-17,9183,-6.0
155,1445,2023-04-29,9344,-1.0
190,1465,2023-05-06,330,-9784.0
216,1485,2023-03-07,5243,-2.0
218,1485,2023-03-21,5325,-30.0
222,1485,2023-04-24,5477,-27.0
303,1505,2023-02-03,36338,-15.0
309,1505,2023-02-10,36433,-7.0
316,1505,2023-02-20,36543,-34.0
328,1505,2023-03-06,36829,-40.0
331,1505,2023-03-09,36891,-13.0
341,1505,2023-03-20,37151,-7.0
344,1505,2023-03-23,37180,-30.0
349,1505,2023-03-29,37249,-10.0
353,1505,2023-04-03,37291,-18.0
355,1505,2023-04-05,37324,-3.0
360,1505,2023-04-11,37454,-7.0
361,1505,2023-04-12,37446,-8.0
366,1505,2023-04-18,37536,-8.0
371,1505,2023-04-24,37675,-1.0
377,1505,2023-04-30,37841,-1.0
384,1505,2023-05-08,38044,-18.0
387,1505,2023-05-11,38101,-11.0
403,1505,2023-05-29,38472,-36.0
409,1505,2023-06-04,38616,-1.0
412,1505,2023-06-07,38692,-1.0
416,1505,2023-06-12,38774,-12.0
418,1505,2023-06-14,38726,-68.0
422,1505,2023-06-19,38801,-49.0
426,1505,2023-06-23,38950,-7.0
435,1505,2023-07-03,39132,-28.0
441,1505,2023-07-10,39271,-44.0
445,1505,2023-07-14,39406,-1.0
448,1506,2022-06-19,707,-38721.0
451,1525,2022-04-12,224,-775.0
452,1545,2023-02-03,20,-204.0
467,1625,2022-02-26,1622,-706.0
470,1625,2022-05-24,1539,-218.0
491,1665,2023-01-09,119,-3615.0
503,1686,2022-02-20,1090,-1450.0
512,1688,2023-02-28,471,-2142.0
519,1707,2023-05-28,339,-1065.0
583,1726,2023-01-30,15786,-482.0
652,1726,2023-05-01,17233,-2.0
656,1726,2023-05-05,17298,-8.0
701,1726,2023-07-02,18244,-2.0
713,1729,2022-03-09,2873,-15524.0
774,1766,2022-09-15,12308,-5.0
788,1766,2023-01-23,13164,-7.0
790,1766,2023-01-29,13174,-8.0
791,1766,2023-01-30,13165,-9.0
795,1766,2023-02-13,13251,-6.0
803,1766,2023-02-27,13334,-22.0
818,1766,2023-03-20,13488,-4.0
824,1766,2023-03-28,13517,-15.0
830,1766,2023-04-10,13596,-4.0
836,1766,2023-04-22,13642,-9.0
839,1766,2023-04-29,13654,-11.0
840,1766,2023-05-01,13649,-5.0
849,1766,2023-05-14,13775,-1.0
852,1766,2023-05-22,13802,-20.0
858,1766,2023-05-29,13848,-9.0
859,1766,2023-05-30,13823,-25.0
864,1766,2023-06-05,13846,-5.0
878,1766,2023-06-26,13985,-8.0
879,1766,2023-06-27,13941,-44.0
896,1766,2023-07-17,14111,-16.0
897,1767,2022-01-14,658,-13453.0
899,1806,2022-12-29,351,-1144.0
920,1827,2022-01-14,886,-2812.0
949,1847,2023-03-20,5136,-10.0
952,1847,2023-04-03,5180,-5.0
957,1847,2023-05-15,5374,-6.0
965,1847,2023-07-10,5629,-3.0
966,1866,2022-01-09,4689,-940.0
999,1866,2022-11-22,6010,-1.0
1050,1888,2022-09-27,135,-6646.0
1087,1928,2023-03-25,6967,-1.0
1097,1928,2023-04-23,7230,-1.0
1101,1928,2023-04-30,7299,-4.0
1105,1928,2023-05-06,7367,-1.0
1106,1928,2023-05-07,7361,-6.0
1122,1928,2023-06-18,7724,-6.0
1128,1928,2023-07-02,7901,-2.0
1132,1928,2023-07-09,7944,-8.0
1135,1928,2023-07-16,7984,-3.0
1137,2006,2022-08-12,261,-7746.0
1149,2126,2022-06-10,1329,-345.0
1154,2168,2022-07-26,1304,-510.0
1173,2269,2022-04-08,740,-2375.0
1195,2309,2022-09-03,828,-2648.0
1206,2329,2023-07-17,1457,-3.0
1207,2349,2022-10-20,895,-562.0
1213,2389,2022-05-18,666,-1580.0
1214,2409,2022-10-19,111,-555.0
1242,2412,2023-06-20,727,-4114.0
1248,2449,2022-04-29,1791,-372.0
1264,2452,2022-02-06,482,-2854.0
1316,2453,2023-05-29,7256,-1.0
1336,2454,2022-01-12,3465,-4466.0
1345,2454,2022-06-05,3678,-2.0
1376,2455,2022-08-19,150,-4060.0
1436,2456,2023-01-29,21247,-28.0
1442,2456,2023-02-04,21455,-6.0
1448,2456,2023-02-11,21634,-25.0
1453,2456,2023-02-18,21801,-34.0
1458,2456,2023-02-25,21991,-5.0
1463,2456,2023-03-05,22207,-23.0
1469,2456,2023-03-12,22400,-25.0
1475,2456,2023-03-18,22576,-18.0
1481,2456,2023-03-25,22714,-40.0
1487,2456,2023-04-01,22835,-23.0
1488,2456,2023-04-02,22834,-1.0
1497,2456,2023-04-15,23105,-32.0
1503,2456,2023-04-22,23251,-28.0
1510,2456,2023-04-29,23403,-39.0
1517,2456,2023-05-06,23551,-15.0
1518,2456,2023-05-07,23549,-2.0
1523,2456,2023-05-14,23735,-29.0
1528,2456,2023-05-20,23877,-20.0
1529,2456,2023-05-21,23876,-1.0
1535,2456,2023-05-28,24039,-15.0
1539,2456,2023-06-04,24134,-31.0
1544,2456,2023-06-10,24316,-18.0
1545,2456,2023-06-11,24315,-1.0
1550,2456,2023-06-17,24444,-23.0
1562,2456,2023-07-01,24776,-11.0
1564,2456,2023-07-04,24799,-1.0
1568,2456,2023-07-08,24875,-6.0
1574,2456,2023-07-15,25046,-4.0
1576,2458,2022-02-08,257,-24835.0
1589,2459,2022-02-10,465,-2926.0
1623,2478,2023-02-01,6871,-11.0
1656,2478,2023-05-16,7502,-2.0
1667,2478,2023-06-12,7592,-6.0
1674,2478,2023-06-26,7670,-5.0
1682,2499,2022-10-03,1086,-6781.0
1738,2500,2023-01-24,17040,-8.0
1743,2500,2023-01-31,17128,-14.0
1748,2500,2023-02-07,17195,-24.0
1754,2500,2023-02-14,17290,-9.0
1770,2500,2023-03-07,17646,-4.0
1781,2500,2023-03-21,17854,-32.0
1804,2500,2023-04-18,18717,-32.0
1811,2500,2023-04-25,18855,-13.0
1817,2500,2023-05-02,18946,-21.0
1827,2500,2023-05-16,19076,-53.0
1834,2500,2023-05-23,19148,-36.0
1839,2500,2023-05-30,19190,-32.0
1846,2500,2023-06-06,19316,-9.0
1853,2500,2023-06-13,19445,-15.0
1860,2500,2023-06-20,19572,-24.0
1867,2500,2023-06-27,19690,-22.0
1873,2500,2023-07-04,19777,-21.0
1880,2500,2023-07-11,19915,-19.0
1887,2521,2023-02-03,801,-19265.0
1890,2560,2022-01-22,654,-302.0
1902,2619,2022-04-12,1359,-966.0
1909,2619,2023-04-15,2148,-4.0
1913,2644,2022-01-16,1112,-1239.0
1921,2907,2022-08-15,1383,-326.0
1928,2927,2022-02-03,1983,-803.0
1957,2987,2022-06-11,1423,-2744.0
1967,3027,2022-05-13,414,-2423.0
1975,3089,2022-01-14,797,-533.0
1981,3096,2022-01-01,1697,-237.0
2010,3096,2023-02-13,8423,-10.0
2028,3096,2023-03-20,9770,-60.0
2039,3096,2023-04-03,10106,-6.0
2044,3096,2023-04-10,10235,-22.0
2062,3096,2023-05-29,11416,-49.0
2071,3096,2023-06-12,11806,-13.0
2076,3096,2023-06-19,11993,-4.0
2079,3096,2023-06-26,12215,-2.0
2083,3096,2023-07-03,12407,-26.0
2091,3096,2023-07-17,12819,-15.0
2092,3111,2022-01-08,2712,-10107.0
2131,3151,2022-01-03,908,-5163.0
2140,3152,2022-02-28,1319,-428.0
2153,3153,2022-03-16,1324,-893.0
2161,3153,2023-04-08,1701,-7.0
2163,3167,2022-03-06,9,-1705.0
2195,3175,2023-06-05,1121,-3291.0
2196,3176,2023-03-04,279,-842.0
2229,3185,2023-02-13,5466,-1.0
2231,3185,2023-02-20,5497,-14.0
2245,3185,2023-04-24,5921,-15.0
2247,3185,2023-05-10,6001,-2.0
2257,3207,2022-11-30,365,-6012.0
2266,3314,2022-02-01,301,-1797.0
2267,3318,2022-03-04,39,-262.0
2289,3339,2022-11-10,5363,-106.0
2322,3339,2023-05-29,6356,-2.0
2332,3339,2023-07-17,6667,-2.0
2333,3420,2022-05-17,1629,-5038.0
2345,3421,2022-04-09,851,-2130.0
2396,3422,2023-02-14,8763,-3.0
2419,3422,2023-04-04,9772,-126.0
2465,3422,2023-06-18,11149,-2.0
2477,3422,2023-07-16,11619,-2.0
2479,3423,2022-01-04,1944,-9710.0
2580,3423,2023-06-02,14277,-14.0
2597,3423,2023-06-23,15003,-22.0
2613,3424,2022-03-16,1398,-14407.0
2635,3425,2022-02-07,417,-4387.0
2650,3428,2023-04-14,448,-2098.0
2651,3433,2023-02-15,58,-390.0
2659,3435,2023-03-21,361,-1512.0
2669,3442,2022-02-20,668,-226.0
2680,3443,2022-01-25,1816,-84.0
2695,3444,2022-06-19,1617,-1841.0
2745,3453,2023-05-30,5358,-2.0
2748,3453,2023-07-03,5546,-4.0
2750,3457,2022-01-03,5163,-437.0
2796,3457,2023-01-30,17509,-24.0
2802,3457,2023-02-06,17784,-11.0
2808,3457,2023-02-13,18004,-25.0
2818,3457,2023-02-27,18426,-67.0
2825,3457,2023-03-06,18725,-7.0
2838,3457,2023-03-20,19138,-53.0
2844,3457,2023-03-27,19277,-49.0
2850,3457,2023-04-03,19474,-23.0
2856,3457,2023-04-10,19698,-32.0
2869,3457,2023-04-24,20091,-25.0
2874,3457,2023-05-01,20225,-82.0
2884,3457,2023-05-15,21070,-9.0
2889,3457,2023-05-22,21207,-35.0
2894,3457,2023-05-29,21236,-139.0
2899,3457,2023-06-06,21484,-13.0
2904,3457,2023-06-12,21407,-234.0
2911,3457,2023-06-19,21635,-22.0
2918,3457,2023-06-26,21790,-82.0
2924,3457,2023-07-05,21482,-528.0
2935,3458,2023-05-18,311,-21802.0
2961,3465,2023-07-03,96,-7648.0
2972,3471,2022-10-10,977,-1991.0
2979,3477,2022-01-02,1008,-1293.0
3045,3479,2023-01-24,14042,-1.0
3047,3479,2023-01-28,14088,-1.0
3058,3479,2023-02-13,14199,-15.0
3062,3479,2023-02-20,14241,-7.0
3063,3479,2023-02-21,14224,-17.0
3075,3479,2023-03-12,14367,-3.0
3078,3479,2023-03-20,14422,-9.0
3081,3479,2023-03-26,14432,-24.0
3087,3479,2023-04-03,14493,-4.0
3101,3479,2023-04-23,14695,-2.0
3105,3479,2023-05-01,14746,-37.0
3110,3479,2023-05-08,14825,-8.0
3124,3479,2023-05-29,15032,-42.0
3142,3479,2023-06-26,15471,-10.0
3147,3479,2023-07-02,15595,-1.0
3159,3480,2022-02-05,2865,-12938.0
3168,3480,2022-08-24,3539,-12.0
3187,3481,2022-05-30,228,-4701.0
3201,3485,2023-01-24,490,-1890.0
3210,3486,2023-06-16,2976,-30.0
3212,3490,2022-03-05,2594,-692.0
3234,3490,2023-04-08,4914,-3.0
3245,3491,2022-01-13,5036,-677.0
3285,3491,2023-01-23,12806,-3.0
3302,3491,2023-03-01,13266,-5.0
3314,3491,2023-03-22,13452,-4.0
3366,3491,2023-06-17,15894,-1.0
3386,3492,2022-03-07,1105,-15508.0
3411,3492,2023-07-04,5280,-7.0
3412,3493,2022-09-14,997,-4283.0
3416,3496,2023-01-15,46,-1307.0
3485,3504,2023-03-31,9083,-2.0
3510,3504,2023-05-31,9666,-12.0
3524,3504,2023-07-03,9998,-27.0
3533,3505,2022-04-10,1467,-8691.0
3564,3510,2022-02-28,1056,-3860.0
3571,3513,2022-06-07,60,-2149.0
3579,3515,2022-05-02,1051,-193.0
3585,3519,2022-11-04,501,-1934.0
3626,3524,2022-10-23,8290,-4.0
3634,3524,2023-01-22,8659,-32.0
3643,3524,2023-02-12,8743,-32.0
3648,3524,2023-02-20,8768,-24.0
3653,3524,2023-03-07,8848,-3.0
3656,3524,2023-03-12,8852,-31.0
3662,3524,2023-03-19,8879,-26.0
3666,3524,2023-03-27,8892,-29.0
3669,3524,2023-04-02,8910,-10.0
3672,3524,2023-04-09,8925,-27.0
3678,3524,2023-04-17,8954,-20.0
3683,3524,2023-04-25,8997,-5.0
3690,3524,2023-05-07,9069,-22.0
3703,3524,2023-05-28,9343,-26.0
3705,3524,2023-06-05,9459,-8.0
3708,3524,2023-06-11,9550,-33.0
3713,3524,2023-06-18,9646,-7.0
3720,3524,2023-07-02,9836,-28.0
3727,3524,2023-07-16,9940,-37.0
3729,3531,2022-02-09,2486,-7465.0
3821,3533,2023-03-09,12914,-31.0
3833,3533,2023-03-23,13137,-15.0
3838,3533,2023-04-02,13222,-70.0
3861,3533,2023-05-04,13816,-5.0
3866,3533,2023-05-12,13928,-2.0
3872,3533,2023-05-25,14142,-21.0
3889,3533,2023-06-15,14527,-50.0
3896,3533,2023-06-23,14627,-33.0
3905,3533,2023-07-06,14856,-2.0
3909,3533,2023-07-13,14965,-2.0
3914,3535,2022-06-21,670,-14383.0
3922,3535,2023-05-06,2383,-15.0
3928,3536,2022-02-05,2315,-343.0
3942,3538,2022-10-12,430,-2491.0
3946,3542,2023-04-04,784,-634.0
3970,3559,2022-03-24,994,-1937.0
3974,3560,2022-01-19,1633,-608.0
3997,3563,2022-04-25,244,-3602.0
4016,3619,2023-01-08,3582,-12.0
4027,3620,2023-06-30,106,-4025.0
4036,3735,2022-01-10,4658,-1396.0
4040,3735,2022-03-24,5491,-56.0
4046,3735,2022-06-05,6271,-560.0
4054,3735,2022-08-21,7245,-567.0
4056,3735,2022-09-07,7451,-5.0
4057,3735,2022-09-17,7389,-62.0
4105,3735,2023-03-19,9630,-1.0
4130,3735,2023-05-07,10296,-2.0
4149,3735,2023-06-22,11335,-36.0
4152,3735,2023-06-28,11389,-5.0
4156,3735,2023-07-05,11599,-62.0
4159,3735,2023-07-16,11657,-134.0
4161,3738,2022-12-18,360,-11344.0
4182,3781,2023-06-27,215,-3433.0
4230,3803,2023-04-17,6671,-17.0
4240,3803,2023-05-21,6917,-1.0
4241,3803,2023-05-22,6903,-14.0
4247,3803,2023-06-11,7039,-1.0
4250,3803,2023-06-21,7094,-15.0
4260,3837,2022-04-24,1754,-5499.0
4277,3844,2022-01-16,6166,-17.0
4316,3844,2023-01-28,8101,-19.0
4320,3844,2023-02-04,8124,-20.0
4324,3844,2023-02-12,8158,-12.0
4328,3844,2023-02-18,8189,-15.0
4337,3844,2023-03-11,8251,-21.0
4341,3844,2023-03-20,8281,-2.0
4344,3844,2023-03-25,8285,-24.0
4347,3844,2023-04-01,8306,-14.0
4351,3844,2023-04-10,8333,-13.0
4353,3844,2023-04-15,8351,-13.0
4356,3844,2023-05-01,8410,-2.0
4360,3844,2023-05-06,8417,-32.0
4363,3844,2023-05-13,8456,-24.0
4367,3844,2023-05-20,8498,-9.0
4372,3844,2023-05-28,8143,-418.0
4375,3844,2023-06-04,8174,-67.0
4378,3844,2023-06-10,8234,-3.0
4386,3844,2023-07-05,8425,-1.0
4388,3844,2023-07-08,8382,-62.0
4390,3844,2023-07-15,8429,-48.0
4392,3847,2022-02-03,1217,-7242.0
4410,3880,2023-06-04,237,-2754.0
4425,3918,2022-02-24,241,-2756.0
4427,3918,2023-01-04,265,-1.0
4432,3958,2022-08-25,352,-605.0
4447,3959,2023-02-02,4365,-1.0
4464,3961,2022-01-01,155,-5308.0
4470,3969,2022-12-14,865,-403.0
4475,4158,2022-12-26,247,-1125.0
4476,4179,2022-10-12,48,-199.0
4481,4229,2023-06-11,225,-1.0
4607,4274,2023-04-01,15023,-15.0
4628,4274,2023-05-01,15525,-16.0
4674,4274,2023-07-02,16579,-13.0
4688,4275,2022-02-01,2719,-14218.0
4695,4275,2022-07-18,3610,-153.0
4696,4275,2022-07-25,3592,-18.0
4701,4275,2022-10-27,4115,-138.0
4709,4275,2023-02-16,5067,-9.0
4713,4275,2023-03-20,5191,-35.0
4720,4275,2023-04-14,5217,-36.0
4725,4275,2023-05-25,5392,-57.0
4730,4275,2023-07-06,6072,-23.0
4733,4410,2022-10-09,298,-5789.0
4740,4421,2022-05-21,758,-932.0
4744,4580,2022-10-24,540,-351.0
4747,4601,2022-05-20,222,-546.0
4748,4622,2022-04-10,79,-143.0
4761,4681,2022-01-29,2011,-416.0
4775,4681,2023-06-15,3493,-6.0
4779,4683,2022-07-19,199,-3343.0
4799,4929,2023-02-12,3119,-1.0
4805,4950,2022-04-05,74,-3151.0
4820,5068,2022-01-27,1378,-2136.0
4824,5068,2022-05-27,3829,-313.0
4899,5068,2023-04-19,13059,-5.0
4909,5068,2023-05-09,13558,-28.0
4938,5068,2023-06-27,14879,-9.0
4943,5068,2023-07-05,15075,-6.0
4952,5211,2022-05-24,21,-15478.0
4968,5271,2023-04-30,3661,-2.0
4977,5332,2022-03-03,773,-3365.0
4998,5472,2022-03-05,68,-2939.0
5013,5573,2023-04-10,3285,-10.0
5021,5573,2023-07-05,3468,-1.0
5024,5595,2022-03-08,2456,-1028.0
5044,5635,2022-04-27,1531,-2541.0
5054,5697,2022-05-27,338,-1877.0
5069,5699,2022-06-30,1924,-961.0
5081,5699,2023-07-04,4064,-2.0
5083,5721,2022-03-21,564,-3520.0
5091,5820,2022-12-18,51,-2341.0
5117,5899,2022-04-09,808,-2847.0
5119,5962,2023-01-09,144,-1119.0
5121,6028,2023-06-06,38,-129.0
5203,6049,2023-02-13,56062,-13.0
5224,6049,2023-03-06,57422,-10.0
5252,6049,2023-04-03,59481,-134.0
5308,6049,2023-05-29,63764,-68.0
5313,6049,2023-06-03,64309,-1.0
5314,6049,2023-06-04,64305,-4.0
5321,6049,2023-06-11,64959,-2.0
5335,6049,2023-06-25,66249,-6.0
5336,6049,2023-06-26,66246,-3.0
5358,6053,2022-06-07,162,-67859.0
5393,6079,2023-02-06,6654,-2.0
5404,6079,2023-03-20,6994,-3.0
5410,6079,2023-04-03,7089,-9.0
5429,6079,2023-05-29,7600,-19.0
5432,6079,2023-06-12,7699,-2.0
5437,6079,2023-07-10,7825,-28.0
5441,6098,2022-06-04,97,-7800.0
5448,6119,2022-03-27,4150,-18.0
5470,6119,2023-01-01,7004,-37.0
5481,6119,2023-02-27,7494,-83.0
5484,6119,2023-03-06,7559,-44.0
5490,6119,2023-03-21,7686,-18.0
5498,6119,2023-04-10,7932,-9.0
5502,6119,2023-04-17,7960,-34.0
5509,6119,2023-05-08,8156,-32.0
5512,6119,2023-05-18,8326,-5.0
5516,6119,2023-05-29,8279,-87.0
5525,6119,2023-06-21,8626,-17.0
5529,6119,2023-07-03,8640,-45.0
5532,6119,2023-07-10,8717,-1.0
5536,6134,2022-02-28,790,-7997.0
5598,6198,2022-10-02,211,-7155.0
5601,6198,2023-06-30,461,-1.0
5602,6224,2022-07-12,205,-256.0
5617,6234,2022-03-01,8184,-62.0
5623,6234,2022-04-14,8265,-33.0
5625,6234,2022-04-27,8264,-32.0
5632,6234,2022-06-24,8571,-19.0
5647,6234,2022-10-29,9444,-120.0
5705,6234,2023-04-09,10508,-2.0
5709,6234,2023-04-17,10534,-2.0
5716,6234,2023-04-30,10605,-5.0
5721,6234,2023-05-07,10666,-1.0
5722,6234,2023-05-08,10656,-10.0
5751,6234,2023-07-10,11215,-5.0
5756,6236,2022-01-31,1426,-9873.0
5783,6240,2022-06-28,264,-4887.0
5789,6280,2023-06-30,116,-427.0
5852,6285,2023-03-21,11095,-4.0
5854,6285,2023-03-29,10918,-195.0
5866,6285,2023-04-24,11028,-176.0
5888,6285,2023-05-31,11446,-11.0
5892,6285,2023-06-06,11520,-2.0
5899,6285,2023-06-20,11663,-2.0
5904,6285,2023-06-27,11728,-14.0
5906,6285,2023-07-04,11790,-20.0
5915,6315,2022-03-18,4119,-7807.0
5962,6315,2023-04-27,7493,-3.0
5974,6315,2023-05-20,7568,-2.0
5993,6315,2023-07-02,7795,-8.0
6000,6355,2022-04-08,1584,-6286.0
6002,6355,2022-09-01,1849,-40.0
6146,6456,2022-12-21,650,-15241.0
6147,6457,2022-02-02,507,-143.0
6169,6461,2022-01-09,3306,-2043.0
6185,6461,2023-02-07,4342,-16.0
6196,6461,2023-04-23,4678,-1.0
6198,6461,2023-04-25,4674,-8.0
6203,6461,2023-06-07,4854,-1.0
6210,6462,2022-04-16,43,-4969.0
6221,6464,2022-04-24,194,-1894.0
6235,6466,2023-01-17,289,-2842.0
6236,6469,2022-10-29,180,-109.0
6283,6471,2023-01-29,11140,-32.0
6287,6471,2023-02-05,11240,-11.0
6295,6471,2023-02-19,11402,-15.0
6304,6471,2023-03-05,11606,-17.0
6319,6471,2023-04-02,12017,-25.0
6322,6471,2023-04-09,12078,-39.0
6330,6471,2023-04-23,12261,-41.0
6333,6471,2023-04-30,12361,-22.0
6337,6471,2023-05-07,12470,-28.0
6342,6471,2023-05-14,12615,-20.0
6352,6471,2023-06-04,12867,-22.0
6364,6471,2023-06-26,13106,-16.0
6376,6471,2023-07-17,13339,-45.0
6377,6472,2022-01-12,2248,-11091.0
6406,6472,2023-01-22,10736,-308.0
6429,6472,2023-02-27,11212,-222.0
6437,6472,2023-03-12,11514,-5.0
6446,6472,2023-03-26,11796,-6.0
6453,6472,2023-04-09,12013,-6.0
6458,6472,2023-04-16,12155,-18.0
6461,6472,2023-04-23,12286,-11.0
6471,6472,2023-05-07,12599,-21.0
6482,6472,2023-05-28,12918,-13.0
6494,6472,2023-06-18,13301,-12.0
6501,6472,2023-07-02,13539,-8.0
6512,6476,2022-01-14,2157,-11712.0
6588,6476,2023-06-27,8465,-3.0
6591,6476,2023-07-04,8512,-12.0
6596,6478,2022-03-04,724,-7936.0
6600,6501,2022-01-28,1405,-219.0
6612,6502,2022-02-26,689,-2471.0
6618,6548,2022-03-31,17,-1446.0
6695,6572,2022-01-16,1785,-7070.0
6717,6592,2022-08-29,459,-4059.0
6720,6593,2022-10-08,280,-620.0
6725,6612,2023-02-09,1182,-3.0
6727,6633,2023-04-22,710,-513.0
6736,6654,2022-06-10,1341,-1081.0
6746,6675,2022-08-24,779,-1244.0
6765,6717,2022-11-29,292,-3616.0
6773,6724,2022-11-16,87,-1469.0
6792,6737,2022-04-13,9360,-71.0
6799,6737,2022-06-21,9938,-66.0
6825,6737,2023-01-22,12375,-10.0
6828,6737,2023-01-25,12396,-10.0
6837,6737,2023-02-27,12520,-43.0
6848,6737,2023-03-21,12545,-67.0
6853,6737,2023-04-08,12544,-103.0
6855,6737,2023-04-14,12516,-61.0
6856,6737,2023-04-17,12490,-26.0
6858,6737,2023-04-19,12449,-46.0
6859,6737,2023-04-21,12443,-6.0
6864,6737,2023-04-28,12488,-4.0
6873,6737,2023-05-20,12662,-6.0
6881,6737,2023-06-10,12885,-2.0
6889,6737,2023-07-01,13123,-2.0
6897,6738,2022-11-01,788,-12542.0
6899,6742,2022-01-09,1409,-223.0
6903,6742,2022-09-29,1773,-11.0
6906,6746,2023-06-30,927,-1125.0
6924,6755,2023-06-17,830,-2690.0
6925,6764,2023-04-25,219,-611.0
6926,6767,2022-03-26,26,-193.0
6929,6771,2023-05-30,84,-994.0
6936,6817,2022-02-22,481,-1586.0
6940,6822,2023-06-20,90,-585.0
6946,6840,2022-11-03,260,-1368.0
7006,6850,2022-01-08,546,-5311.0
7027,6857,2022-09-29,575,-2183.0
7031,6867,2022-03-31,712,-211.0
7037,6867,2023-02-21,2270,-1086.0
7044,6869,2022-01-22,54,-2806.0
7055,6876,2022-02-13,1821,-457.0
7098,6883,2023-01-05,175,-6520.0
7107,6898,2022-08-08,528,-2270.0
7113,6907,2023-03-30,469,-1165.0
7115,6912,2022-07-31,89,-449.0
7154,6915,2023-06-12,4894,-61.0
7159,6919,2022-08-29,1013,-4105.0
7163,6920,2023-02-26,148,-2145.0
7186,6937,2022-07-06,698,-2731.0
7190,6938,2023-01-21,388,-676.0
7200,6942,2022-01-03,1881,-407.0
7206,6942,2022-05-10,2607,-23.0
7222,6942,2023-04-16,3877,-14.0
7226,6942,2023-05-17,3943,-5.0
7277,6951,2023-01-23,20417,-9.0
7283,6951,2023-01-30,20591,-15.0
7288,6951,2023-02-05,20688,-68.0
7300,6951,2023-02-19,21028,-35.0
7307,6951,2023-02-26,21170,-30.0
7314,6951,2023-03-05,21337,-33.0
7321,6951,2023-03-12,21501,-33.0
7328,6951,2023-03-19,21668,-27.0
7333,6951,2023-03-26,21798,-31.0
7340,6951,2023-04-02,21971,-44.0
7346,6951,2023-04-09,22119,-43.0
7353,6951,2023-04-16,22283,-28.0
7360,6951,2023-04-23,22449,-38.0
7367,6951,2023-04-30,22621,-43.0
7372,6951,2023-05-07,22822,-22.0
7378,6951,2023-05-14,22983,-27.0
7385,6951,2023-05-21,23151,-49.0
7392,6951,2023-05-28,23324,-36.0
7398,6951,2023-06-04,23450,-51.0
7411,6951,2023-06-18,23883,-28.0
7417,6951,2023-06-25,24121,-36.0
7423,6951,2023-07-02,24297,-63.0
7430,6951,2023-07-09,24450,-38.0
7437,6951,2023-07-16,24656,-28.0
7439,6952,2022-01-20,5227,-19475.0
7476,6952,2023-01-29,9491,-11.0
7480,6952,2023-02-05,9589,-17.0
7483,6952,2023-02-12,9695,-17.0
7505,6952,2023-04-01,10635,-23.0
7507,6952,2023-04-08,10763,-35.0
7511,6952,2023-04-16,10917,-11.0
7516,6952,2023-04-23,11055,-18.0
7520,6952,2023-04-29,11175,-9.0
7531,6952,2023-05-27,11700,-25.0
7535,6952,2023-06-03,11809,-3.0
7556,6952,2023-07-08,12388,-32.0
7559,6953,2022-01-08,9046,-3436.0
7589,6953,2022-09-04,11923,-8.0
7592,6953,2022-09-29,12050,-21.0
7597,6953,2022-11-10,12266,-4.0
7598,6953,2022-11-18,12251,-15.0
7599,6953,2022-11-24,12242,-9.0
7607,6953,2023-01-23,12568,-3.0
7613,6953,2023-02-06,12690,-1.0
7633,6953,2023-03-27,12917,-17.0
7646,6953,2023-04-24,13075,-14.0
7669,6953,2023-05-22,13544,-12.0
7675,6953,2023-05-29,13652,-12.0
7690,6953,2023-06-27,13958,-2.0
7695,6953,2023-07-03,13999,-6.0
7706,6957,2022-07-28,2367,-11735.0
7712,6957,2023-01-03,2835,-270.0
7713,6957,2023-01-16,2810,-25.0
7714,6957,2023-04-12,2681,-129.0
7717,6957,2023-06-19,3566,-169.0
7719,6967,2022-04-24,323,-3267.0
7721,6968,2022-09-25,136,-207.0
7723,6972,2022-07-15,37,-137.0
7726,7032,2023-05-15,42,-764.0
7741,7071,2023-02-07,470,-1501.0
7744,7214,2022-04-09,1279,-320.0
7748,7222,2022-01-24,1207,-574.0
7758,7230,2023-01-10,7,-2688.0
7765,7260,2023-04-13,634,-1122.0
7768,7282,2022-02-21,630,-23.0
7775,7362,2023-02-10,1015,-543.0
7777,7368,2023-07-07,474,-630.0
7778,7393,2023-01-10,57,-417.0
7791,7398,2022-11-13,22,-3365.0
7821,7416,2022-06-02,114,-5310.0
7928,7421,2023-06-27,11424,-7.0
7937,7435,2022-12-31,839,-10962.0
7938,7448,2022-01-16,253,-586.0
7944,7464,2022-12-05,401,-1540.0
7960,7474,2023-03-14,4868,-158.0
7962,7474,2023-04-23,5408,-9.0
7979,7478,2022-01-24,1162,-5676.0
7990,7490,2022-02-03,3130,-13.0
8022,7490,2023-03-10,6230,-438.0
8029,7490,2023-04-13,6573,-218.0
8039,7490,2023-05-09,6805,-177.0
8052,7490,2023-06-15,7213,-206.0
8059,7490,2023-07-01,7555,-3.0
8066,7508,2022-01-24,1902,-5982.0
8103,7514,2023-03-11,822,-4809.0
8105,7538,2022-02-28,565,-504.0
8106,7589,2023-02-18,440,-125.0
8108,7677,2022-01-27,202,-239.0
8110,7688,2022-07-27,300,-105.0
8177,7721,2023-02-09,12537,-25.0
8191,7721,2023-03-02,12830,-12.0
8216,7721,2023-04-14,13427,-3.0
8248,7721,2023-06-01,14290,-24.0
8286,7745,2023-05-06,295,-14707.0
8295,7763,2022-01-15,1782,-188.0
8331,7763,2023-06-26,6158,-2.0
8338,7763,2023-07-14,6308,-4.0
8340,7797,2022-05-17,527,-5799.0
8344,7798,2022-02-13,550,-329.0
8350,7799,2022-01-15,3917,-4.0
8353,7799,2022-04-04,4209,-15.0
8355,7799,2022-04-28,4380,-6.0
8356,7799,2022-05-06,4341,-39.0
8357,7799,2022-05-10,4340,-1.0
8380,7799,2023-02-20,5850,-9.0
8388,7799,2023-04-02,6128,-35.0
8390,7799,2023-04-16,6229,-4.0
8396,7799,2023-04-30,6374,-22.0
8399,7799,2023-05-07,6385,-18.0
8413,7799,2023-06-19,6779,-3.0
8416,7828,2023-07-09,389,-6687.0
8430,7839,2023-03-05,3636,-4.0
8441,7865,2022-11-10,47,-4676.0
8454,8151,2022-01-10,667,-1028.0
8460,8154,2023-04-18,34,-1099.0
8461,8186,2023-06-23,29,-5.0
8472,8197,2022-04-22,1149,-1723.0
8477,8197,2023-02-10,3062,-7.0
8482,8197,2023-06-20,3134,-72.0
8487,8199,2023-03-29,705,-2615.0
8490,8249,2022-03-27,735,-422.0
8498,8281,2022-05-30,577,-1066.0
8500,8290,2022-10-03,429,-442.0
8504,8311,2022-02-22,103,-411.0
8510,8320,2022-09-28,2131,-2.0
8518,8362,2022-03-01,902,-1651.0
8531,8363,2022-12-23,1024,-2046.0
8532,8369,2022-05-16,147,-877.0
8539,8373,2022-01-27,457,-1447.0
8553,8421,2022-07-16,3795,-49.0
8564,8421,2023-01-16,4555,-31.0
8573,8421,2023-03-12,4892,-4.0
8580,8421,2023-04-26,5087,-20.0
8581,8421,2023-04-28,5086,-1.0
8589,8424,2023-01-25,3,-5455.0
8630,8434,2022-04-28,269,-7014.0
8762,8454,2023-05-29,16231,-11.0
8803,8457,2022-10-20,164,-17577.0
8809,8487,2023-02-26,262,-1858.0
8866,8506,2023-02-01,11304,-7.0
8874,8506,2023-02-15,11459,-5.0
8933,8506,2023-06-15,12952,-5.0
8950,8534,2022-01-24,1290,-11997.0
8965,8540,2023-06-11,233,-3355.0
8979,8542,2023-04-13,3171,-6.0
8982,8545,2022-03-24,15,-3519.0
8986,8545,2023-05-22,2188,-15.0
8987,8545,2023-06-14,2184,-4.0
8988,8557,2023-02-23,206,-1978.0
9056,8584,2022-09-20,99,-7163.0
9075,8587,2023-02-06,4824,-21.0
9098,8587,2023-05-22,6763,-25.0
9101,8587,2023-05-30,6826,-36.0
9108,8587,2023-06-21,6685,-359.0
9116,8597,2022-01-07,7166,-101.0
9167,8597,2023-02-14,11527,-16.0
9173,8597,2023-02-21,11590,-19.0
9179,8597,2023-03-08,11768,-5.0
9185,8597,2023-03-21,11890,-14.0
9197,8597,2023-04-18,12149,-26.0
9202,8597,2023-04-25,12241,-6.0
9204,8597,2023-05-02,12299,-4.0
9214,8597,2023-05-16,12448,-11.0
9218,8597,2023-05-24,12510,-5.0
9226,8597,2023-06-06,12604,-22.0
9242,8597,2023-07-05,12874,-5.0
9249,8602,2022-07-02,506,-12529.0
9256,8623,2022-01-16,2343,-295.0
9280,8623,2023-04-30,5494,-13.0
9296,8630,2023-02-06,613,-5318.0
9304,8667,2022-09-17,1152,-937.0
9306,8678,2022-02-01,920,-325.0
9312,8679,2022-06-21,409,-602.0
9313,8685,2022-06-20,132,-277.0
9321,8687,2022-05-22,3090,-49.0
9340,8687,2023-01-25,4267,-2052.0
9360,8702,2022-06-19,270,-5123.0
9408,8724,2023-03-20,508,-4799.0
9444,8745,2022-01-23,2002,-3329.0
9465,8750,2022-01-23,309,-3827.0
9468,8754,2022-12-29,171,-582.0
9484,8775,2023-01-15,845,-1532.0
9485,8780,2022-01-04,272,-573.0
9494,8801,2022-03-25,385,-770.0
9518,8812,2023-02-27,6508,-55.0
9530,8812,2023-04-03,7138,-16.0
9539,8812,2023-05-01,7530,-12.0
9549,8812,2023-06-05,7951,-16.0
9554,8812,2023-06-19,8154,-5.0
9560,8812,2023-07-04,8367,-11.0
9565,8819,2022-06-01,137,-8376.0
9569,8820,2023-01-27,730,-254.0
9571,8827,2022-03-30,30,-885.0
9592,8848,2022-04-26,791,-1809.0
9597,8857,2023-04-25,623,-1753.0
9766,8864,2022-01-05,1545,-18654.0
9790,8864,2023-05-08,3664,-5.0
9799,8864,2023-06-28,3900,-35.0
9801,8864,2023-07-10,3867,-38.0
9802,8868,2022-01-17,606,-3261.0
9819,8873,2022-08-11,1027,-2361.0
9828,8874,2022-03-17,1003,-1917.0
9844,8889,2022-05-22,4852,-1.0
9846,8889,2022-06-08,4877,-8.0
9859,8889,2022-12-07,5256,-2.0
9878,8889,2023-07-11,5685,-8.0
9882,8894,2023-01-01,635,-5073.0
9886,8897,2023-01-22,45,-732.0
9954,8903,2023-03-20,12280,-3.0
9964,8903,2023-04-10,12592,-9.0
9977,8903,2023-05-08,12935,-2.0
9983,8903,2023-05-17,12997,-7.0
9995,8903,2023-06-05,13221,-9.0
10002,8903,2023-06-19,13399,-13.0
10008,8903,2023-07-03,13601,-1.0
10017,8903,2023-07-17,13756,-7.0
10018,8928,2022-01-05,2854,-10902.0
10043,8928,2023-02-06,6471,-3.0
10045,8928,2023-02-13,6530,-2.0
10073,8928,2023-05-22,7750,-5.0
10076,8928,2023-05-31,7831,-12.0
10085,8928,2023-06-19,8085,-1.0
10096,8937,2022-04-22,849,-7635.0
10101,8947,2022-01-23,881,-1105.0
10236,8951,2023-06-04,504,-14846.0
10237,8954,2023-02-22,348,-156.0
10242,8973,2022-05-12,407,-1150.0
10278,8978,2023-01-29,8029,-12.0
10283,8978,2023-02-05,8057,-10.0
10286,8978,2023-02-12,8127,-10.0
10298,8978,2023-03-19,8563,-9.0
10304,8978,2023-03-26,8647,-11.0
10310,8978,2023-04-02,8740,-15.0
10326,8978,2023-05-07,9165,-15.0
10330,8978,2023-05-14,9246,-7.0
10335,8978,2023-05-21,9321,-15.0
10339,8978,2023-05-29,9403,-9.0
10358,8978,2023-07-02,9729,-20.0
10365,8981,2023-06-20,911,-8937.0
10367,8986,2022-02-28,220,-709.0
10387,8994,2023-06-24,2815,-24.0
10388,9001,2022-03-14,273,-2542.0
10394,9010,2023-06-08,816,-820.0
10431,9016,2023-07-14,4192,-38.0
10432,9025,2022-04-02,394,-3798.0
10436,9027,2023-05-08,307,-919.0
10437,9029,2022-11-08,64,-243.0
10447,9031,2023-02-13,2656,-22.0
10456,9046,2022-05-15,1040,-2310.0
10469,9051,2022-03-14,1347,-2300.0
10495,9054,2023-01-18,2,-4696.0
10532,9062,2022-09-11,17018,-116.0
10581,9062,2023-02-28,20429,-12.0
10588,9062,2023-03-07,20525,-25.0
10595,9062,2023-03-14,20677,-3.0
10688,9062,2023-07-04,23804,-55.0
10700,9063,2023-01-27,189,-23940.0
10702,9072,2022-10-19,32,-208.0
10707,9081,2022-01-17,27,-1201.0
10802,9100,2023-02-08,10975,-9.0
10853,9100,2023-05-17,11891,-34.0
10863,9100,2023-05-31,11952,-18.0
10870,9100,2023-06-14,12072,-13.0
10882,9100,2023-07-12,12290,-14.0
10885,9103,2022-04-26,1441,-10903.0
11017,14001,2023-06-26,11625,-52.0
11024,17001,2022-07-01,408,-11414.0
11083,23001,2023-02-08,15086,-14.0
11095,23001,2023-02-22,15446,-6.0
11117,23001,2023-03-22,16209,-6.0
11140,23001,2023-04-19,16970,-1.0
11151,23001,2023-05-02,16803,-528.0
11156,23001,2023-05-09,16983,-11.0
11166,23001,2023-05-23,17381,-7.0
11172,23001,2023-05-30,17490,-33.0
11178,23001,2023-06-06,17655,-51.0
11184,23001,2023-06-13,17853,-30.0
11191,23001,2023-06-20,18020,-19.0
11197,23001,2023-06-27,18166,-33.0
11203,23001,2023-07-04,18218,-93.0
11210,23001,2023-07-11,18389,-32.0
11216,39012,2022-05-19,232,-18334.0
11221,52008,2022-11-20,108,-1591.0
11229,72005,2023-05-23,169,-2483.0
11245,99010,2022-07-30,802,-1806.0
11268,112010,2023-02-27,4449,-115.0
11275,112010,2023-04-12,4558,-7.0
11288,123010,2022-03-28,1209,-3552.0
11327,123024,2023-06-03,1465,-4722.0
11353,123063,2022-11-12,2960,-3838.0
11375,123094,2022-06-05,914,-4066.0
11385,139014,2022-08-21,664,-1793.0
11441,142010,2023-04-01,8168,-39.0
11495,150010,2022-01-02,1454,-8839.0
11499,150010,2023-01-15,1899,-4.0
11501,167010,2022-02-08,239,-1769.0
11515,169010,2023-05-28,3687,-18.0
11519,187010,2022-05-18,704,-3276.0
11524,187011,2022-08-08,657,-530.0
11526,187011,2022-10-01,636,-89.0
11531,194012,2022-12-03,1042,-220.0
11558,200012,2022-06-13,11920,-182.0
11585,200012,2023-01-23,15223,-12.0
11592,200012,2023-01-31,15367,-14.0
11599,200012,2023-02-13,15528,-15.0
11604,200012,2023-02-20,15612,-5.0
11610,200012,2023-02-27,15743,-6.0
11621,200012,2023-03-13,16064,-10.0
11625,200012,2023-03-20,16211,-16.0
11631,200012,2023-03-27,16326,-29.0
11637,200012,2023-04-03,16481,-10.0
11642,200012,2023-04-10,16614,-13.0
11659,200012,2023-05-01,17117,-8.0
11674,200012,2023-05-22,17551,-22.0
11680,200012,2023-05-29,17676,-35.0
11685,200012,2023-06-05,17810,-14.0
11691,200012,2023-06-12,17960,-27.0
11704,200012,2023-06-26,18247,-23.0
11709,200012,2023-07-03,18343,-51.0
11715,200012,2023-07-10,18454,-21.0
11722,200012,2023-07-17,18582,-20.0
11723,203013,2022-05-07,235,-18347.0
11727,203016,2023-04-10,217,-298.0
11772,213010,2022-12-27,12043,-46.0
11828,213010,2023-04-07,13961,-68.0
11846,213010,2023-05-05,14440,-11.0
11850,213010,2023-05-12,14572,-9.0
11900,215010,2022-02-11,2934,-12917.0
11925,215010,2023-04-05,5091,-6.0
11935,215010,2023-05-30,5317,-25.0
11941,215010,2023-06-29,5471,-3.0
11943,218012,2022-04-03,498,-4978.0
11945,226010,2022-02-15,934,-27.0
11954,230010,2022-04-09,1760,-635.0
11975,234010,2022-02-04,1259,-2761.0
12002,238010,2022-05-31,864,-4077.0
12009,244010,2022-10-18,387,-1005.0
12050,254011,2022-02-03,72,-8196.0
12054,309010,2022-02-02,1562,-314.0
12069,309010,2023-01-23,5037,-7.0
12084,309010,2023-03-28,5886,-9.0
12106,309010,2023-05-29,6420,-10.0
12115,309010,2023-06-20,6616,-2.0
12124,313010,2022-12-14,353,-6444.0
12129,339010,2022-01-03,184,-1076.0
12147,339010,2023-02-24,5321,-15.0
12156,339010,2023-04-02,5863,-4.0
12157,339010,2023-04-05,5858,-5.0
12171,339010,2023-05-29,6522,-5.0
12178,339010,2023-07-09,7045,-4.0
12180,339011,2022-06-01,522,-6550.0
12196,342010,2023-01-30,5142,-24.0
12226,343010,2022-10-13,349,-6228.0
12230,348010,2023-06-21,229,-979.0
12231,353011,2022-01-13,166,-63.0
12237,384010,2023-03-01,151,-557.0
12246,388010,2023-05-28,3926,-1.0
12254,388010,2023-07-02,4786,-1.0
12256,391011,2022-10-07,566,-4601.0
12260,395011,2022-08-15,640,-291.0
12266,411157,2022-04-13,293,-2746.0
12279,427011,2022-11-13,259,-5430.0
12285,507059,2022-02-26,617,-177.0
12326,513020,2022-07-19,1016,-5467.0
12337,519091,2022-05-23,107,-4390.0
12340,519176,2022-02-28,492,-890.0
12346,519235,2023-03-02,196,-1321.0
12347,519505,2022-09-25,161,-35.0
12348,519841,2022-05-28,83,-78.0
12352,520263,2022-09-19,213,-254.0
12450,520413,2023-04-08,25255,-7.0
12498,520413,2023-05-27,30331,-21.0
12533,520413,2023-07-01,34106,-12.0
12539,520413,2023-07-08,34692,-4.0
12549,520708,2022-12-30,321,-35299.0
12551,521772,2022-11-03,238,-104.0
12565,522272,2023-06-22,764,-1935.0
12566,522324,2023-05-01,263,-501.0
12590,522544,2023-03-10,6033,-53.0
12600,522544,2023-04-09,6351,-254.0
12610,522544,2023-05-10,7069,-54.0
12633,522544,2023-07-09,7837,-118.0
12637,524552,2022-12-30,234,-7725.0
12638,524570,2022-09-22,157,-77.0
12640,526116,2022-11-13,315,-477.0
12644,529433,2022-11-19,197,-361.0
12645,529448,2022-09-26,95,-102.0
12648,532298,2023-01-12,91,-155.0
12651,540297,2022-10-29,81,-1746.0
12652,544297,2022-11-05,50,-31.0
12656,545303,2022-07-25,275,-1783.0
12713,547298,2023-02-27,16108,-27.0
12718,547298,2023-03-06,16497,-6.0
12724,547298,2023-03-13,16909,-11.0
12730,547298,2023-03-20,17279,-41.0
12736,547298,2023-03-27,17688,-5.0
12742,547298,2023-04-03,18075,-46.0
12748,547298,2023-04-10,18401,-6.0
12777,547298,2023-05-15,20439,-393.0
12783,547298,2023-05-22,20863,-1.0
12789,547298,2023-05-29,21224,-111.0
12795,547298,2023-06-05,21636,-16.0
12801,547298,2023-06-12,22077,-25.0
12807,547298,2023-06-19,22563,-12.0
12814,547298,2023-06-26,22991,-44.0
12821,547298,2023-07-03,23420,-59.0
12828,547298,2023-07-10,23721,-31.0
12835,547298,2023-07-17,24086,-49.0
12836,547304,2022-07-08,41,-24045.0
12837,552299,2022-04-07,6,-35.0
12841,556310,2022-04-10,1,-1581.0
12846,559309,2023-03-12,149,-1620.0
12854,561309,2022-10-26,8,-3566.0
12869,566600,2023-06-22,24,-2768.0
12872,571744,2022-07-27,446,-314.0
12987,579182,2023-05-03,332,-15634.0
12989,583875,2023-01-30,495,-1016.0
